{
    "r_squared": 0.8373162455051363,
    "mse": 2.2458593918513494,
    "rmse": 1.4986191617123243
}