{
    "r_squared": 0.7021015955364703,
    "mse": 4.01926227554681,
    "rmse": 2.0048097853778573
}